011111111001000111011100010011101
001100010110001011110101110111111
010010101100101111100101111110010
010000111101001010111101110001110
010110110001001001011010101101100
000001001011111001110111011101000
011100101000101010101010110001000
001100001101000000001010111010111
011111011101101111110011011100111
011111001010010101001000110101101
011100111001001111011100011110010
001001101110110010011000001001111
010001111100100011000011101100111
011100001011010100010101010110101
000111111110101001010011011111100
011001001000001010011001011000000
010011010000011100011101000001000
001111100100111110000111000110111
000001011001001100000000110001000
010101001111011000111000011010011
000101110111100110110101101100000
010101011100000011010111001001010
000001111010111100010101110001011
010101010101001001110101110101110
010011111000111101110100001001101
011100110000101000010110101111100
001111011001001111001101110000010
000111101011100010011111110101110
001001000100110111101111110000100
000001011000000011000010110111000
011111110000010010100101000110010
001111010110001100000000100001001
001011110010000000101000010110011
010010110010010110001010010111100
000111101000000011110010000101011
000110000011111101111101011011100
000100110001000110010100111010110
011010110111101111000111101001101
001011011001000010010001101100010
011010100100110101011101010000010
010000010001000101010000001101101
011001010100000000101101100011101
001000010111001110011011010000111
001011001100101010111011011101110
010110001100011110010110011011000
011111101100110111000110110100010
011111000000010001110101111110010
010011111011001001100100010010100
011001111001011000010100111010010
010100101110100100010011100001001
001110111110100111100001111101110
010000100100011111111100110000011
001100111100101010110011101001100
011101010100110100110100000000101
011000000101101011010011110001110
010111001011000101110100111001001
001001001010000111001010011100111
001000100110001011000101111010001
010100001001011000101001010010100
001011000010000111001001010010010
010101001011100001001001001101111
001010011010000100110011100100110
011010001010010100101100010110110
010001001110101101000001111000100
001000011110101100000001001110111
000001101010101101110000010010110
000000100011101010010100010010000
000111100000011000000110000110110
011000001001111110100111101111101
000111000011111100011011001101011
001100100100001001111101100011001
001110011000101110010011111000101
000000111100001101001001000101101
001000111101000011001111100111011
000010110010111010111001000110111
011110111111010110111100010001101
000010101001101001001000110101011
001101000010100111001110011110110
001010100100100000111111100100011
010111011001100101000101110010111
011111110110110101000111000111011
011001111010001001100010111011000
010000011001010010010011000101000
011001110001100101111100011101101
001011101100011101101000011101110
010010101001010110110110111111101
000101110000111111010011101110100
010110100010011101111011011010000
011101001001110111001111100001110
010111000010011010001000001010110
011101011111101001010011110011110
010010111110101110100101010010010
010100100110010011000001110110101
010101001111110111000011001110110
000001011101011011111010111111011
010000101100000000010000001111001
010100101110011000000111101001011
000000110010010100111000001111101
011010001100111010000000010011111
001010011110011101000011000010111
010101001010000001010000111100001
011011110110100010011111010100101
011100110111000111011111000000101
000100111100110110100001101110110
011101010000101010110111101001000
010000111111010000010100010110111
011010001001100111110000101111000
000111101100110110101101111111111
001100010101001011100100100101101
000101011001011100111111010110101
010010010010111011100111011011011
001011101001100110000000111101100
010000001110111001110000110101110
010001111100101111111001000101001
000010000101100000011101001010111
000000100101011111110100100100001
010111101000110101001001011001100
000001011000001001111001101100011
001010100001101010100001111101100
000010100001000011011110111111110
010000101110101111011110101111100
010011000011011101000001000110001
000110101110010100110000110010100
011001000000001011101110111011100
000100010101101001000000010011110
010011100001110111001100101110011
001010101010000101010010011001001
010100111011010111110101000010001
010011000011101000010000000110010
011011001111101011101000001001111
001111011111011110011011100100001
000010111101000000010000010000010
000010111101111011010011100101111
000111010111011001100111100100110
010110110000010111001100011100110
011101000100101001100111100000000
010000001010111100111101001111000
010000001111110111101000010110110
000100011100100011111001011110010
000011010100011111111011000000000
011010001101001011001100010011011
011111111100110110101101111101101
011010110110011111000001111101101
000010101100011010100110111110110
001010100000000001111000000111100
001100100100101000011010000000001
000111000000110101100100110011110
010100100001100100001100010101110
010101101001001111111010011110011
011100001100100110011100011110101
010100011001001001011101001011000
001000100111100100001111000011110
000101011100110101000011111001101
011111111010000101000110000111011
000111000011000111000111001001000
000111001011010111111001110110001
000011111110011011100010111111100
001001111101100001011100101111000
010110100011101010000000010000011
000010001010100110101011010110111
001110000110100110110100101011000
010000100100010010001010111110100
000010100111000100101101100110001
001000101101000010010011001011000
011000000100100101000110001111111
001111010100000101101000110000110
000010111011011100000111110111111
011001000010010110101110110111001
001101000000001011100111011011100
011100110110110000100001110100001
001011001110011110010010000000100
001110010001010010101111001000101
000001001100111010001011010111100
000011110000001011111101001111100
001000010100101010111000110111011
001101111111110011101110110011111
001101001110101110101011001100001
001000011110110100010011001111101
011000010100100010110001110001110
000011111001001101111001101001110
001010110110010000011001100111100
000001101101101010011111100010110
001000001010100011110011110000000
011000111001000010100101101010110
011110100110001110001100001100001
011001100000010100110000000111001
010000100010001110011111100011111
010000110101100010111100100111110
011011110101101011010101111001110
000100101011000001110010100101011
011011110001011011011010111001111
000001110001110101010010100110001
011110010000111100001001011100101
000100101100110110001001010110101
001101000000011001100010000001101
011100101000111000111110101111011
000000100111001010100000101101111
011100100111001011000111011101100
000111100101000110001001010100110
010101100001110101110010011000001
001111001100001100101000100001010
010000001100000010000110001000001
000111100110010010101110010111010
011011100011101101000011111001010
011001111011100101000110011000110
011110011001111001101111011101101
010101111111110110111100001100110
000001101011010110111001100111101
011001001100100001000001100111100
001111010010000001100101111011010
010100000010011110010001100111010
000001000110000110100010111010011
001111001010001001010000011010111
000011111100101001111010100110100
011010101011101000101101101010100
000110010110101000010100110010000
000110111000010001011100101110111
010111001000100100100001010010110
010010101100101001111111100010000
001100110110001100010111110100010
000001100000111101111110100001101
010101111100010100101010100001000
011011110111101100111011101101100
011010000110001110011011101101110
001011001000010101000110010110000
010100010101111100110000100101100
001111101110010101100011010010001
011010010001000111000101100110001
001010011000100111011110100111001
011011011101000010100001110001011
000100101111101110111100011011101
010110001101111011000000010100011
000111000101101001111111010101111
011110101011000010101100000010010
001110111010001011101110111000000
000010111011011101110011101001010
001010011001100000101100011101111
011110110000110011110011111111000
001100101000010110011101000100000
010000111101001100111011111100000
001110101110100011111001011110101
000111000101001000111010010111001
010001101000010001001001010110100
011100001100001010101001011010101
001000100101001011011101000001000
010001110000110111110101101100010
011100000011111101000011000001101
011001010100000001111111001010110
001001010010010010100011111001001
011000110101100011011001010110101
000001000101010001011101011001111
011100100000100100101001101010000
000001011100101101110110101101111
010011111110111110111001101000000
010110110010101110000100011001111
011110010001011101011100000111011
011110010110100100000010101110011
011101110100001110101101011011101
001000110011010010110100010011011
001001111000000100000001010111011
011110000110010011001010010001011
001110111001000001001111110000110
011100111010000010001101010011111
001100111011100000110000010111100
001100111000000101000010000110110
010011010101100010011100000111110
000000011101101011001101101100000
000111111001001011100101011001110
011100101101010000001000110010101
011111111010010100101101110101110
000110010001101101000001011010010
001010101011000110101100001111011
010101100101011011000101000010001
001110000011110001100001001010010
001010001110000111101110000010111
000110011100001100000010000111001
010111101110010111011111010010011
000001101011001001011111110110010
001011011100111110011011111001011
000100001111000100101111000010111
000001011000011010000010001111001
001110110111001010001010101100100
000100110111010011101011011010101
001100101101011100101100000000110
011111011101110001101011011111000
001111000000100010000010010010010
001111111111011000011100010111110
011111010101001001011111111101011
001011000010101110110110000001001
010100001001101100001111010001000
001011111110110110110110110000111
001100100000100011101000100010100
010101010011010101010100100100000
001100010000100001000110111011101
011101101010010001110010010010100
010101100011000010011001100011101
001010011000011111010111000100001
011010110001000000101010101101001
010110000011100000110101011111000
001101010111001010000011100000101
010011100010101100111111110111001
011100001101000100110001100110101
001001101010111010101010010000110
011000011000011111110100010000111
010111000001101110100010011110101
011111000101001101101011101011011
000011000111111000010110100100010
000010101001010110011111110111100
011100010010100100011011100110010
010001111100010011101010101100100
001000010111010101001100001101000
001100111111011111111101100011000
010111001101010101100011111010010
000011011101110110001101001111111
010010101011111001101111010011011
011001110111110101001000001010111
010001111100100111111001100010001
000011010001011110001001100000111
000101011110111000100101111010101
011111100000011000011101010100000
011001100011000001000101000010001
000101001000111001100110001011011
011010101010100100000100111010000
011010100100001000100110101100001
001110001111011010101011011010110
000111010100100101010001011100111
001111100100110110101010000111011
010001110101101111011101101011110
010111100101101101000111010100110
010001000100111110010111110010111
000010001001000101010010111011101
011001100101111111110001101011111
000000100001110000100000100110111
011000011100110101101010000100010
010010110010000010010001111011001
000010000000001000101110110110001
001010100111010101101111000111101
010001100000011110010001010000010
001110101011111000111011001010101
010110100111100011110011010111010
011000010110000010110001010000111
010000110101011011010010010100101
011111101111110100101010011001100
001110111001100011000101001010101
010001010101111000111001111100101
000011000010001100000010110001100
010111110100100011000110111101000
001001000111010001110010111000011
001000100000011100010111100101111
000000111000001111111011010101100
010100000110111110101001111011101
000110100001010001100101011101100
010100000001101001011101110101011
001101110111011111010100001111011
000010110001100100010001100110011
000011001001100110100100101100110
011110111000100000001011010101101
010100011110101101001111010001110
011110010101000110010011111010111
001100111001011111100010111010010
010000001010011010111011101100101
001011110010001000110000001110100
011111101111111000001101010011011
001000001110000000010010110000001
010101111000010001010111011001111
001001100000011101101000110001011
000111000010111110010000111110111
011110100000110000110010000001011
010010010000111011000011001000011
000010100111101101110000001011110
011100001111000110101001011001111
011101100010010011001010111111111
011011001100011110011000000100110
000000000100101011001001111101010
001001010110010001101111000000011
000010001001001001000011111110011
001100110010001001111100010101010
010110110000101100001000000100111
011000010010110001101010011110100
010110000000000110111111100001000
000000100000100101110110000000110
010110111010111010100101011111010
001100011011010101011001001111101
011111000111000011100001001111101
011001010010001000100001101010100
000001011010010001101110111100100
011101010111010011110110001000010
000001110011000110110010110101000
001100110110100011110010011101011
011110011001101001010011001100010
011110110101010101111110011100001
001010010011100011111000110110001
011101110001011111101001110011101
010111110110000100101011001110100
001001100111010101101111100101100
011001101000010000011111110000111
010001100100101111000100100011011
011111111011010001011011110110010
010111111110111010110110111111001
011110101110011001000011101100100
010001001110011100010011111100100
010000011001010101111000001110011
000110101100100110100111110000000
000111000111001001010101010010100
001010001111011111001011101001010
000101101101010000111000010101111
011101011101101110001001110001010
000010111100100000000001110011011
001110100101111000011101100101010
010011100010010011100001000011011
011100100010110010010001001110100
010100001000011010001000110110010
011011010111111010111010100101011
011111011111110001000011011001001
001111110111110111111111101001100
001110001111011100101001110110111
010011110001100110011001111111000
010011110011000010011010010110111
010111011110010101001000110111010
011000110100011010111000101110101
011000100110000010011110110101101
011111110111110101101101111100111
011100101110100000110110011001101
000111010100101001010010010100110
000010000101010010100110110100110
010001100110110110001001001011111
011011111100101001110110011111100
001100011000110101000000010001101
010101110011110011111100001010001
001101111100110010100001101010010
011110111000101001111001110111011
010100011010111111010100011001001
001001010001111010111000001011110
001100000111000000001110010100100
011110110010010111011111001011011
010010011110111101101011010110110
001011110101000010110011110001110
000111111010011000101111000010010
001110100010101011100110110100111
011101100110000111010010000010010
010001111011010100100011001100010
010111100101101000100110011110000
000110101010010100001100100000000
000011111100001111001111011110001
000011011101000110101010000011100
010011011110111001101110100100100
010010000001001101011010101111001
011101011110100111010111111000011
010010001100100100101011001101101
011110110111001101010101000011001
011101100011111100111011000101100
010000100010001110011100010110010
010010011101011001011010010010100
011001100011010101100101111000000
000001111010001010100100110001101
001111000011110111111010000001110
001101010010110000011000101100011
000101000101001110010110110100000
011110001100110100001011110101110
000010000100111101110000010011001
001010111010010001100100111000010
011011111001001010010001100111001
011011110101111010111101110011011
000111001100001000101000010111101
011101111111111010101011000000101
001001100001011000110110010110010
001111110001010111100001001110000
011001000100001001000110011100100
010011111000000000000011111100100
000100011001001111111001011010001
011010101011111011100010111011100
001110100101011100110011101101101
001111110010111010001000000100001
011000010011101110110000101000111
000101000001101101101100100100000
001101100110001111111001011010000
010110010110000101100110110001110
000101110100110010101000000001101
001011101100000010111110011110001
010000111000100000000010100101100
001100000000011011000000100010110
001001111001010000010011101010110
010100110101000100000101101010101
001011100001111101010110110101111
001010011011011111110001101100110
000101101110010111000001001000101
010111100100010100101011000101110
001010111010111010111000101110100
001001111101101110110000011111001
001110101100011011110010010111110
010001011110010101001000010011111
001111010110011010001100101100100
010001001001010000000011111000000
010010101011100010101111011110110
000001110010110010110111100011110
000100011010100101100111111111011
010101011011101110000101001100000
001111011011011011010010110111000
000011010000001000100111110001111
000001110110000001001111110000110
011011010110010010100100001011111
011000001110111111000001100101011
001000010101111111000111001101011
001011110010101100011010000011100
001011110111111000111010101000111
011000100110010010000110111111110
011011100011000011110010111001010
000110111010011010001001101011000
010101011001001101010001100100010
001111101101111011000011100110010
011010011100000111010000100111011
001001000111010101000111011111111
001111100010101110010001011111100
000001101111000010111011011101011
000011001011100010100011010001011
001001111100110001010100001011110
011101001000000000100011011000001
000111011100011011110010111001100
000001101011111010101110100110110
011111101010100011011000000000110
001111011101111011001111101010101
001111000001111101101001010101011
000011001011100100001011111110101
010110001001010110110110111010101
011100100011111101100111111111010
011111011110010100100011111010101
010000010011110111110100001001110
001100000101011011011011111000111
001010110100001100100011010100100
001111010010110100110010101001100
011001110000011001110001110110010
011111101001000110100101011111111
011010011010010010101001110100110
000010011011001011011111101101011
010101101001110001111011000110110
011001110011001101101001100111010
000100010001011111011010101011001
001000110001111101011011010100110
010011000101101100010101100011110
010110000111011110111110000011111
011001011000100011101011011001000
011010010000100101111010011110000
001000101000011110100000111001001
011111010010101000110001011101011
011001111000111000101100110101111
001110010110111100100101010111100
000000001110010001011100001100111
011111001001001000001100001100101
011011100100110011101110100111101
001011000101011101111000111001001
010001011001001010011000001001000
001101011011101011110000011111011
001111000001000100111111110100111
000001001111111101011111001001001
011000110111010010100101100100000
010010111111111010110001111101111
011011011110000100101010010001110
000100100001011011000101010111001
000011110101010001100100010000000
011010000001000001000001000110111
000110011110111111001001001000101
000001101011100100100001101011111
001010100011101101111000001011001
011001110100000010010010111101100
010100001001110001110000001110000
010010110011111000111100101111110
001000000010100101111011010100100
010010100000100101110110010100100
001100110111110001001111111111101
010100110001001110000111000000101
000110110111111010001111111011010
001110111101111001101001010011111
000101101000101000110010001010111
000000101101001010111101100101010
011101000011010100001001101010100
011010010101001100111111101111110
010011111001110100001111010001010
010001001010100001100100111111101
010001110001000111101001010101111
011011111000011101100111000100101
010101100000100011101101001010010
000011000010010000100101000110100
001000001100110001001110010111000
001101111110101011111010110111011
011001001001111110010001110011001
011110100010100001001001000111110
001111010101111000000010100001011
010101011000100000110100101010010
001101101000101010100100000100111
001101100111010011010000101010011
001111010111110110101010100100100
011001011111111011010110111001111
011100000101110101100111110001101
011000011111110101000100110111111
001011011010111110000011101110011
010100000000010111100010101101000
001011000001001101011010001101001
011010010000000000000111101100100
010111101110010110001100110001100
010001100001011001110111101011010
011110010111100001001000100110000
010010011001100001000001100110101
001110101001110110101001101111010
011000100010101101100001011010111
010011001100010000101011100000101
001101000100100000011011000001001
000010011111001001101101000110001
011111110101111100010001000101110
010000011111100010010101101011100
010110100100010010111100010001010
010111111110000111111111001111011
001011011110100000100001000010111
010110101011111010111011011001111
010110100001010011010111001010001
011100011000111010011001011011011
010101011000100011101110001100100
000100011100010111111110110110110
001111110000101010011111001100011
011011000100010101101101101101111
001001100110111011000011001001010
000101011010011111100010011000010
000001001110001111100101000110001
000010011001011101001101011000100
000000011010101000100110100110101
010100000000001110010010101111010
010010111111000100110000111011011
001100001001001010001101110110111
010000111000100000100011001011110
001001011100010111100010111111001
011101001100011000100011101001111
010010001100101010111100010110111
000001111110011011000010100100111
001100101101110101101001100011011
011000101010001001000000000111000
000011010101111111111110011011011
011000100111011101011001110111110
000111010011111100001101010110010
010001101011010101111110110000000
000011100000100100110101110111011
010100001011100011101001000001010
001001100001100110111001010111111
000000110011010001010010100110000
011001011001001010100001110010111
011000110010110010000011011110011
000100100000011011101010000101010
000101001001010000001000110010011
000100110110100101011111111000000
010100111101110101100110101001000
001110101001010000011011001110111
011110100110100101011000101100101
001011110111101001011011111110101
001110001110001100011100010010000
000001010011111111111110011000101
000001100001110101011011011100001
001100111001000001011001000101000
001101111101110001011111101000000
001101010010011000011001000101100
011101100000100111010111100110111
011011010101011010101110011101011
010001011010010110001100000000110
011011100101101010001111110101000
000010100100100001111101001010000
000111110111000010110011000111110
011100111000111100001101101001001
011000110010011000110001110001000
001000100000110000001000111010101
001000011001110100110101101101111
001010101011100010101110011101111
001101000100110011011000000100110
000111100010001000101000111011011
011101001001011000011011000010100
000010100001111001000010101010000
000011111111001111110111010010000
011011111100011100110011010010000
001011000000011111100011101001001
010101111000010111000100011010010
011010111010110000010011010010100
001011010001010110011001110011011
000100101110011010101010111011001
001100010100110001100000111011011
001101110110001110111110111110000
000100001000001011011100011111010
001111000111000101010100101001000
010110100010010000100010001100110
010001001100011111011101111011001
010000011110001111100011111001111
011111101110101100001101010011110
000001000001011001111000000101011
011001100111001000111100011110010
010010100010000000001001010010101
010101101001111011010100011010110
001111101101100000001011111001000
001001010010111010110000101001010
010001000111000110011110101010101
011010111001101101101110010001000
001001100101000001111011011110101
011110111111000101100111110110000
001001101100011110000010111010011
011011100100000001010001111100111
010101000000010000110100011010000
000100101101011010111010111100000
001111111110111000101001011000011
001001010101001011010000011001011
000011001100100000001100000110100
010111000000011111100110110000101
011011001111001011100100000101011
000011110101011000101000011100011
001001000000110101011100100101111
010100010000000001010011000101110
001111111101111100000000110110001
011001111000000001011101100110100
000000010000110110101010000101101
011111011001011101001110010110000
011111010001100000100110111110011
011011110101000101000011011011010
011000100010110010111101011111100
001110110111011101010011010101011
011111110000100010111010011100001
010001010010100000011101000010110
010011110000011001101110110101110
000011101100000111110010011001010
010001110101110010100111100100011
000110101010110010010110111111001
000011001101011101001000011100110
001001010111101100011101111110011
010011000101110110001110000011111
001011100010001110111101110111011
000110010101111001011011111111000
000011111011110011100011101110010
011100111101101100101010110001110
000110001011001101110110100100111
000111001000011001101000001010011
001010100000101001100000010010111
011100001100100000010101001001011
000001000011110001001110011110111
010011000011100110100111010000010
001011101100100100100010110110011
001011101101111100000100001010000
011011001011011000100000110010000
011111100000001101001101001000100
001010111100100001100101001101111
001111011100001101101010010001110
010111011011001111000100000000111
001101110110111011110001101100001
001110110011100001001011001011000
011110111001010011111001101010010
000110000110101101001100101100111
011001011011101011100000111001100
011111011100110110111111011100111
010001101011100000101011011101000
001111011111110000011000100110011
001010011011111110110101100001010
001011001000011001101010000100101
000011110101100001101010111111111
000010001101010000100110010001100
010000001001110010011110001100111
001100100111001011111010011010000
001011010010101110011001001010011
001111010110011000100011101101010
001110001111110100001000111111000
011101001011111110011111101111111
000011010111101010001010010001010
000111100100001011111110001100010
001001101111110010110110000111000
010001000110101010111100111101010
001011001001010011000011001001000
000011100101001100101011011111001
011011001100101000011010001000000
010011101010100000100000011101000
001100001101011011111110010100111
000101001010001010111101010001101
010001110110100101010110110111010
011001101010111101011010101110001
001101000111101011010101000100100
011111101101010000011111101110000
010110101111001101101011001110111
011101110110011001100000011010001
011010011011011100110101100101100
011101100111111011110110111000011
010100111000000110001110110011011
010101110001000000011000000000001
011000110000000011111100101101111
011100111011110100110111101101010
010001110101000011100100100011000
001111101010110110000001011010111
010011010001100111101110110011000
000101100111100101110000111101110
010000010000100111110111001011101
000100100110011101100001010000100
000110001111000001101011000110010
011001000010000011011101011111000
000110101010010001000111101010100
011001111001100000010001101111010
000001000001100000011100011100001
010000101111100101011110100011010
011100111100111110100001100101001
000011111101000111111000001001010
000111011110001011001110001111000
010111110110001101010101011010100
010000101000110000101111100110110
010010110001001100010110000011010
011101011110101011111000010110110
001001010011111111110000000101101
000000001101001101000111001001000
001011010000010110111011110000110
010000000111110000111111011101010
000010001101100011010101100110011
010101111111110011100001001010010
000000001011110100011110000011001
010011010000001010111010010010101
011001010101011000111111010100011
000001100001010010000010111100001
011000101100110101101110100001010
010111000111101001011010001011111
001111011010010000001010100000000
000111010111110000001110101110100
000101111101110100111100000001100
011101110110010001111110000000010
001110100110110101001011100010000
001101110110000101010111111111101
011101001111111010110101110110011
011011011001110000110010000000011
011110100011011000000001101101100
011101100000100000000101000111101
010011010100000010001010000001110
000111001110010011011011010010101
000101111100110111000010010000110
001001010100010010100111011100010
000110101110001101001011111100101
000010110100111010011011111010001
000001001101100000111111011000100
011001010110100000011100010010111
010110100010001010110100100101110
010000101110110000110011011001010
010000111011011110101000000001010
000111010111100010010110010011011
011100110111100011010100001100111
001111100000100000100000011100110
011100101011010101110111000110101
011111011110110100001111101111111
001100100010010001101011100011110
011010010111101110100111101001010
001110011001000111110101001001011
010000101101100000010111101010100
010001010001110010011111000001001
010110100111011001101100001110011
001000010010000111000000010111100
000000011111011100111111110110100
001100000011001011101101111100111
011100000110100111001011011011110
011101111001100011110111010011101
011001000011111101011010001001111
000110111001000110111001110000000
000101010110000001101110011010101
010011100111010000011100101111100
010000000010000110110000110010010
001001110001110110001100110011001
001101110001110000011110111001010
001001001010000100001010011110010
000010110011101100001100110000110
001011110101111001001001100001010
011100010111111111000111000011100
001111111111011101101011101000111
011101110111001010111010110100110
010111101101011101000110011011000
010101000111100000000011100000010
001000110111001110010110001111101
010111011110110011100100001001000
011001011100111111001110101001010
010000011001000110101000100001001
000100100111110101011111000010100
001001110010101010101111110001101
001001110110001111111100010101010
001111111010101110111100100001010
000010001101011110010000101111011
010100010010010101101100110000111
000001000010011111111001000011100
000111101101111000001011011000010
011010110111001001100100110110110
001010111110010011011111011001010
011011110101110110000111101010010
011110101101010110000100100101010
010100100110100101011000011111110
010010010101010111010100100111011
011010100101111001101110101101101
000001010100110101010011110001000
011101111101001110011010110011110
010011100001001010110111101000000
011111001001111011011001110100010
011010111010001100011100001011010
011000011111000000110101011000101
010010110100010000100011010100000
000111101111101101001101001111011
011011010100111010110010100000100
010111100010100011101101100010101
001111110011110100110100111001101
000010001010111101010010101011101
000100011001101100100101111111100
011100101110001110000011100101101
010100000101011000010000001100000
001111000101010011111111111100110
000111001101010110110010111110111
000110001000011111110111011110111
000011001011011100111100100101010
000101010000100010010100000010111
000100000110010110010111101101111
001110111101001110010101100010111
011011110001011111011110000010001
010111000101001101000000101101110
000101000001111101101011100101001
011000011011101011010101110011101
001011010011110010101001101110110
011001010101011101111010110101100
001100001100000100101100000001010
010110000000100101000100111001010
010000111101101001101000001100000
010110000000101001001001001100110
001001000110001011001100001111000
001100011110010101111010111011101
001101000101110001100010101110010
000100010111111110001010001101111
001001111000011111110010010011011
011101011111011100101000110111101
001111000001101000000011110110110
000101111111111001100001101011010
000001011100111100011001110001000
000111000101010110011101000000101
010111110101010100010110000010010
001101100110010110010001110111001
000001011100001010111011111001000
000111100111000010110101110111111
011100111000010001001111001010010
011011011010110111110010000011111
011111001110110010000100011000001
000111101110100111010000010011101
000100110000100001010001001001100
000010100000000000001110111100101
001111010010100001010011101010100
010000110010110100000011101101110
001011011100001010011000111000010
010100100111111011011001110011101
001000000111111101101111001011000
011011000001001110101110110010001
000111001110101000000100100111011
010101101011101111000101010011110
001110110011110011110010111111110
000111111110001100011100111100111
001111001011100110110010101110111
000101001011001000011110101100001
010001011100000010001100001100111
010011000001100010101010001001100
010001101111110001001011001000011
001100000001001000110011110001011
000000111010000101010000011010001
011001010110101001100010000101000
001001010110111000110001010001001
000010011101101110000000011111001
001110101011001010111001101011000
001001111101101111101000101100011
000111010001110001011100011011101
001101100011001111001001101011100
011001000111101100100001011101001
001011000000111100100111010110010
001000100111111111011111101010111
000101011110011101000010010000111
011101110101011001000011100111111
010100111000000000001100110010110
001001010000001010111001010011100
000011010111110001101010110000110
011101000100100101000110110101000
011011001000011010010111001000110
000111001111110101100011110001001
000011111011110110001011011100110
000001011001110100001011110010000
011111011100100011110001010100000
011011111110110000001011000011011
011011001000001111111111100001101
000100101100000000011010111101000
001000011100100011101001011101011
000100001110110111110001100110011
011011101010110010000111110111100
001101100010010101101000100100000
001000110111011101111111101111010
010101010001001011010111000010011
001001101010110101101010001110011
001100110001001000100110000000100
010111011101100101111101011011111
001100001110100010001110111100011
000010101010000100111101101110100
010001011010110011001100001101101
000000011101001100101001110011010
010001000111000100010110000110100
000011011110111101011001110101011
000100011101111001111000011111110
001100110010100011101110010101000
001011010010101101010111100011110
011001011101000000110001101111011
000110001100111001011010000000001
000000011010001110110010010011000
001111100011111010011101100010011
