01011001110001100010100110000001
11110111010111110001101110111000
10101011010011100010011111000100
10101011101110010010001101110100
11001011111001010101010011100000
01001010011101111000110011111101
10010111011010110101101101111011
10000110101011001101100110111001
00010011101001100111001110100000
00010011000110101100101010110101
01010001101111010001001010100001
00001101000010001100011000111100
00001000111101011101010101100100
01111010100010000100101101101001
11100000111001010001000110110001
10011100110101010000001011100010
10000001111011000000111111000001
01011111100010011100001001011111
11000001000010001010111001111011
01110001110110000101101011101000
00111100010111010110010010000111
10100111111010001110011101110010
01010100111111111011011000011101
00101011001001100110010010100010
10000100011000001001010110111100
00110000010010011001011110000001
11001101101001101110111100111000
11111000010100111011110010001110
11100010101000001110111100011010
11110000110010100000011101100000
11110110000101010010110001101101
11111101100010111001000001010110
00000011101101101010100111001001
00001010001000011001100101010010
00000011000011100100101011101100
00011000100011010010111100101111
00011001011011110010011010100001
10111000111010110100001010101101
10010011011100100011010010000000
00011101100101100001010101111000
11001001110110010110000000111000
11100111111110001010001000111010
10111100010100010011111000110001
11011001011111000110101101111111
00101101100011010010101010000000
00001001110100100100001011100000
01000101111100110011011101001011
11101001111111101110110000110101
10010101010100001101110011011000
01000101101000011111111001100110
11100011011111100100100000001000
00000100100011001111000111011101
10111001001011011111111111100001
01101101011011010100101000110100
11101010101110100111101001010010
10011000111001111011110111001111
01110110100001000000101100110000
01001001011000111100100010001110
11111010111110111110001000011011
11101110100000001010110101101011
11010100100111000100011100101011
01001001001100001011010110010101
00110001010101001001110111010010
01001110000010000001000100010100
10011100011100101000000111001100
11000110100100110101000101000010
10001011000000000010010101000011
10001010011110001110110011111000
00110000110101011011100010011011
10110011001111111110000001001111
11110000010001110001101110010101
01010011001110111100000010110010
01101010000010001000100111001001
10110011100011001000010110101111
01001101101110110000100010101010
00010001111101111110010011011000
00011001101010100000011100111011
01110001111111000001011100111001
11111001000111000111000011000000
10101011010101110110010110111101
10110110010110100000010100010010
11010111111011000100001110111011
01001110000100111110101100011011
10011010111010011000100100001001
10111001000100001010001011000110
01011000011000010000110000010101
00110011101110011010011111100101
00100010110101110010111100110110
11010101000100101001111000101110
01011101111110111000111110110101
11010100111100000111111100100011
11110110011110010111101000010000
11010001100011001110000001100100
00010000100101110000101101100000
11011011110000100100110011001110
01110001110001111011100000000111
01110010011111111111111101000010
11010101111101100101111100000000
01100001010100001110111110110011
10001010100011001011111101000010
11000011111110011100100011000000
11111010000100111100001011010110
10100110001101011110011010101001
10110100010101010110001000110111
10000011110010110001000001110011
00101100101000101110110001000111
10100000111101111000111110100100
11001000000101010001001010000001
11011001100001010101101100011010
10110011111011100011011001001111
01010100000110111111101111101101
10000111101010001101101111001101
10011101111100010100000001101101
00111011111010100110000010001111
00010001011110011110000011101111
11100000110111000110010010000001
11111011001011100010101100101011
10110111101101010001101100010101
01110111110000000010100000011110
11010110001110000100000101010101
11001100001001011000101111101001
01011000100111000110010011001000
10111001010110101001010011000110
00000110101111001101101111110110
01101011101000011010000001011001
00101011100111110001001011101011
10011111111011110101000010001111
10100001100010000011001101100010
10001011011001011101101000100000
00101000110000000111000011010011
11010011111001110011011111101000
01010010001101000011010110101010
10011101100101000011010101111000
11011110000101110000101010111001
00110001001000001111000010101101
11100110000000000110001000000011
01100000100101011110011001000010
01111001001100101101011010100011
00110000101111111010110011111101
11000010001100000111110111110000
10101101011011011101110100100011
00001100110011110101100010011011
10100100001100001001001111111110
01000001000111110000110101001011
10110101101001001000100010000101
00111011101110001000001000100000
10101110000110100110100000101000
01100100101001110101000110110011
00000001011110011101110101000000
00001001101000110100111001011110
11000100111000100001110001111101
10110100010110111110001011111101
11101010101001101111010100001010
00110110101101000101010001011011
11010101011110100110011001000001
10101001010110000011111100101101
11111101001111001101110011000001
11001000000000110110011100110100
10011011000101010100001110000110
11100101100010011100110101100001
10011110010010011111101011100000
11010111110100000001010011001101
10000101111110111000001001110111
11000000001111000101111101111010
11110100011000010100110000000011
10001011101010110011111110110010
11100001010001110110010001100011
10010101100010111001011001101001
10000111101101000011111111010001
11000101101111111011110010011010
11000011110010000000001000101100
11110111011010000011101011001110
10010111111110111101000010111100
01010001101011011011101111100010
11000100000100101001111000111110
11011010001110001100100010100011
11111001000110010010001001111000
01100000100110011011011001111110
00100000101000100100101001101001
11110101001000011010110001011011
10011000001101110111001111110010
10101110111101001101010101111011
00111101110101110100101000101001
10101110011110000001100111111111
01000001001000100101110101101010
00010011110110111001101000100000
01010111000101101100010101100000
10010000001011110111100101110111
10000111001000100010001010010011
11011110101100010000111110000001
01111101001001001100010001111001
10010001100110000010011111010101
01011101100011100111101100010111
01111111000010100011111111110101
01100010100110011111000100000011
00111111101011011101000000100110
00010011100110101101100101001001
11010110101010110011101010100111
10100111010001111001101010011111
10110011110100010110111110110010
10001001110100111110101011010110
11111100010100100110110001110010
11010010000001101110111111111000
11000000101100010100000001101010
10111001101100010100011011010010
00010011110100101110100010010011
11001111001101101011100110001111
01111010111100000000101011011100
01011101010100000100001110110000
00110111001011011101100111101110
10000111110111000001110100011000
11000000101001101001000111110011
00000110100001011100000001101011
00111001010110111000001011010101
00111011010010100010000110011001
10000100101110010100000110001101
11111111100000010110100111010110
00111001111011111010100110001011
01111010011010100011011110001101
10011100001110110101100110110011
01101110111100001001011000011010
10100100001001100011011110011101
10011101101100001000111001010010
10111001010000111110101111101101
11001101101110101110000110001111
01000010111011011111111001111100
00110110101001011111000110110000
10001011011010011001001001001011
11010110101000000011001111011011
00101111100000100010101010010011
01010001100110010101111000011000
00010110010011101111011100100101
10111100101101010110111101100000
01110110101001000101100010101100
11000011010110010111000010101000
01111101101100100111110101001111
01101000101000111001100001011000
11010111000010010001110111101001
10100110111100110111101010000001
10011101010001110000110111111100
10000100010100001011000010001011
00101010011000001011011000111110
10100000100110000100010101111000
00111011000001010011010011100000
10010011111000011011000001101011
00001110000101101100011001011011
10001000100111111001001000010000
10111011100001001110100101100110
01101000010111000001100010100001
11011010101010110111011000111101
00111100011010101101000001111111
11001010111011110101010010011001
11100110001011011000010010011110
00101111110000001101110110110000
11111000110110011011101111101001
01010010111101011110010001101000
01011001001110110111100110001110
11000110000110110101010000010101
00011100010111101011110000011000
01111010111101111110100010001111
00011100111011100011110101000001
11000111101111010100011101101101
01100000101010111101100011100111
00100110000000111110010000111111
10110111101101110000000000001000
01011101100011000111001100000010
00001111000010100000000001100111
01010000000111100101100101010001
10001001111010011100110000100101
01110010010111001101111101001001
00011110111101101111100111011111
10101011001111111101110100001100
11101100001010010001100110101100
11010011110010100111000111000011
00010011011011000011010110011001
00011011000101010011010110101000
01000101010101100010110101011001
00001110001000111001111101110010
00111100100110100011010111011110
11111000101001001110011110010111
00010111101110000001000111011110
00000101100111000110110101101100
10010110110000011111110011010000
00111100101011110101101000111000
00110110010011101000001110001101
10000110110000110111101111100100
10110100010100110101010101011000
10011111110000100110100001111001
10101000011011001010111000011010
11000101010011011010011111110101
11100010011001101100011100101010
10100010100010111010101010111010
11111101101000011100000111000010
10010000110100110011010101000011
00001000111011110110010001110100
00101001111001000010111011011100
01001110110011110000100010001011
10001011001011100011001001100111
10001110111100111011000011111000
10101000000010011010111011110111
10001111111100110000111110011011
10010011110010111011001001001010
00000000111011110000000100000000
10100001101111111101101100001111
00000101111110100010010011010001
00110001111111100110001100110000
01000001110110011101010111010110
01101011011010011010111000011001
00110110111011011000111011000000
01001100111011000001001010001010
11010111001001100101111110110000
11111010101010001010111011000111
11010110011110001011001001010101
10000101110010101011101101000001
00011001011000000010101011000101
11001010010000100010011000100101
00000100110111010101100010001101
11100110010101110011000011111101
11011100111110000001101010000001
11000000101001001100110011011001
01011000100011011010001001100110
10100101000111111001111001000100
10011110110000111010100001010111
11100111101010110101110111000000
00011000111111010001000111001001
01101110110100101001111000111101
00111101001010100101101111011100
01101101100001111110111111111010
01010001101101010010001101000111
01010011110011101101100010111010
01111110000010111100010000110101
01001111011111001000101101110111
11000100001111001111010000100011
11110001101111011100011001110100
11101000010100100111111101100001
01010011000101111000000010001101
00110001011001111010111001000101
00101011000111010001100001000001
11001110011000010111011011001100
00100000110000101001101100000000
11111011011001111110011010101101
10011101110000011000011011101000
00110101001110001000111111001111
10000001011111010100001000111010
11110100010000001111000111001000
11111111100001011010011001110111
00110001011110001111011111000111
10000110100101100101010100101010
10111001101000011101100110001001
00000010100010010001000010110110
10011110100001100110111011111011
11010101110010010110001001100011
00100100010111000010011001100111
01011001001001100010110100001011
11110111110011001000000011011000
00000000111011000101100010001110
00011111111111101110011100010011
01011110001110001000100100100100
10001111110001100110001010111100
11100101001101101110110011001011
01111110100000011001111000011110
01101001010111011011010101111010
11010000110100100100100000100000
00000001010100011001101101001010
10100111000100000101001110000110
11110000110011100001101110100110
10001101100101000001110111001010
10101011011101001111111100010000
10110011110000010111111011100111
01001100000101100001100111111101
00010011101100101100001000010011
01100111010100110110001101001011
11001101110011101000100010111001
10101100101100110111010100011011
00000110000010111010000000011101
01110011101101111010101110000001
01111111000110100010110011010001
01000010001000101101110001100000
11000000101111110001011101000111
01000110010010010100100100001010
01001011110011011100111111000101
00001001001010101011010011110001
10010110010100010001100111001001
01000011111011101010101100111000
00111111001110100010100001111111
01000110001100010100000000101100
11000100011110100111100000110001
10000010000101101110110000100011
11111111100010010111001111010111
00100001011110001111000001110101
11010010001101000000110001110001
10010101110100011010111010101110
00100011011111010011100101101010
00000011000111011101111111000010
11110001111001010001001011101011
00001010011100111110100010111111
11000110111111101000111011001000
01010111001101101111000101010001
00111111001110010011011011000111
01000000011100110100001001001100
10011011111010101110100000000011
10111001101001000101001101111010
10100101000001101000110110101001
11011100010010111011011101110111
01010110101000101101001111111110
01101010011100011010001011110001
01110100111110011011111001110101
11010011000010101000111001011110
10100101010110110001111110110001
01101101111010011111100100111001
01011101110011110110101000111101
00100001000100110111010110100110
00011001100100010110101101100101
11111111011100111010111110011100
01010111001010000111101100001010
11001010001011010101111001000110
00000110101000011101110001110001
00100101001111001101010011111100
10110110011011111101110000100110
01010101111111000001000001001101
11111101000011011001101110100001
11011110111100111010010110100001
00001111000111111101100010001110
01101100010001110100110111110000
11110111101101110110111101100100
11010000010000000101000100000101
11101010101111111101001101011110
10010101010001110110101111110001
01011110101010001001000100001010
11011101010101101101100001010011
10010101001110010010011111010101
00111001011110111010111110000111
01110000000010101100011000010100
01000100110010110100110101101110
00000010011010101010000110100000
11011110010000001111101111101001
01001010100110100011011000001000
11111111000001110110110100101111
01001000000001010100101110100010
10010111100110110110101110001001
10000101101111101110111000010110
00010000010010111110101011111001
10101111100110111000111111000111
10000011111010100110101000001100
11101110000011110101111101111001
00101011101101001001101000100101
01101011111100010100010101101101
01011000011001000000101011000001
00100000000010101110101000100000
01000111110010111110011000000100
01111010110001000001000100110100
11000101101010010110110110001000
10101011111000111100100110111010
10011000011111101101001101000110
01001001110011011000011001001001
01101001001000111011001000111011
11110110101011101001001111001000
11110011001000010111111110011110
00101110001111011100100110101001
00010001100001101010010110001110
01101001111000011011010000001011
10100011001011000011001110100000
10011001010100000001001111101101
11110010110001001001111011010010
10011000001001110101011000100110
01011001110101101110000001110011
00011001000111111000110110110000
01111010001001000101101111000000
11111100011100111001111000000110
10100100000011001000111111111011
10100100101101100101100110101010
01100001000001101110000110000011
10101001001101101001110110010111
00111001001100111111000100111010
00110010101111000100101100110010
01010101001101101000110010010001
11000110111100000110010010001101
01001110000110000111111001001000
00100101100000010101010010110001
01011110111111100101011001111101
01110001010101001011101110001001
10001100100011100011101110001101
10011011100110100110111110010111
00010111110000011000101010010001
10010101010001101110001000000111
10010100011000010110011110010001
01000111100010111110001101000001
10011010010001110010011001011111
11110000101101010010101111010011
00101011011110101101010000111001
01110001001100100101001110010010
00111110011101100100101010001111
01000110011001000110010111010011
10000111101110110011011110100101
11100011111011010110110111001111
10011100110001000100111100110100
11110000001000101111000100101101
00011010100011100101011011011000
11110101100000111111010110000101
01000100111101000001010100110011
01100001101011011101011100111111
11001111010100100000011100001100
11010101100111000010000111110010
01011010001100010011000001111101
10100000100100001011011001011111
01011000000010011010010101110100
01000101001001001101001000001111
10000010000001100001101010110011
11000000011110010010100010100000
10001101010000100110110001100000
00110101101001101000110110101001
00111011110011001101011100001111
10101100011100101001011011010000
11110101001010110101110011101000
00011010110111011010000111111010
01101110010100001001011000101001
11110101100001010110011110011100
01111010000011101000110010000111
00111100111010101100101000000001
01001000101110010011100000011001
00011101000010100011110001011000
10100000100111111010011100101010
10000011111101011001010111111111
01110111110111100000000001010110
01000000111100101101111101101010
11011001111010001100110000000110
01011011111000000101010110111011
01010011110011011101011110111011
10101100000010011100110100000100
01010001010001000000000110010101
11000001011010101111011011011110
10100011101010010001111100101111
10100001010001010110011001010100
01110000100010100100011110100111
00100011110011000011100101100100
10110011110001011110000010111010
11100011111110000001100101110110
00111100101110111000101011111011
01011111110001010001101000110001
01011010111111100100001011000000
00011111110101000101111001010101
01000011110100110110011101011110
10100111101001101011010001110100
10010011000011000000010110011001
11001100000001011010111100001001
00010000100111000101110000010010
10101110100110101010110011111100
00011101001110101001011010010010
00011100110000111001010001111000
10001000011001001110100101111011
10101011010111011010000010101111
00100110011001011101010001000000
00011101011100111010011001011101
10110000101100000110111001011010
00111100010101100001011101111100
10001010011001111000100110111011
11101011110101010001000100001111
00011010001010001001100111000001
11100000101101001111100110101010
10011011101011000101011001000010
01001000111001011011000001110110
01101000000011111011101110011000
01010100010110000101100101100111
01101011011110110011011101111010
11010011110010110000011011001010
01110111100101010001011101000101
10110000000101101100111010011000
01001101011000010011011111111100
11100011111111110101000000111001
01000100010011100101000100110111
01110001000001001010011011000101
10110010001100010101011100001000
00001000100111001011110110011001
00010101111101101101100100111100
00111001111011011100110101100111
11101100110110010110111000111000
11011111010010100100110000010000
01001100011101110100101100001000
10100011110111111010011101010011
10110011000100110010100101101010
10011101111010101100000011000101
00010111111110101001010010001100
00011110001100010101001010000110
01110011100111011111001100101000
11100110100001100001100000100001
11101011110010001010010001000111
11101101000111011110101100000000
00001110101001010001110110000000
01100100011011001010010011001111
01010110010010110001010110000001
10010101010010001101010011011101
01000001011111101010010111000111
01111100111101101111010000111110
10010101100101110011011111001010
10111110111101101111001101100000
00100000011000101101101010101001
11001000101001100000100011101110
00100101010011111011000101011101
01010001001011010101100100101011
00100001010001011010101000111101
10110000001101000111001001000000
11001011001110110101101111010010
00110000110001011011101111100000
11110101101000001000101000001001
00011000101101111111110000001011
11000001111011011110001011101110
00110110110110000010101001010010
00100111010101000001011011001110
10001110110001011011110110010101
10110010110100101000111010101111
01011101111111100001010111011111
10111111010001010111100101100101
11101001011101100101000010001100
11110101101110011110011000100110
10001000000010000011001101100001
00110001111101111010000100100110
01010001000100010111000000000111
10110010101011000010001100011001
00011111011100000011010000011100
10001110010001111111000011001011
01011010110100101110111010110110
00111101000000101011000111100111
00010101001010001000110110000000
10101000111110100110100010101111
11010101110000001111101001100011
01101011011100011010001100101001
00110000111001001000001001000110
11001011000000111001101111010110
11001111011100001110111010011001
01010110011110100001001101111110
00101100010010001110110111101101
01010100010101000010111100101110
01110111110000001010001101000000
11000001000000000010011111010111
01000011111000010001001110110100
10000000010111010000010011111110
10000010110010010011101001110110
11100100011100000000011010110110
00100000001010010111001101110010
01011010111100010010101000101011
11010010011101101010111100100100
00000000010111011110011001100111
11100011100000100000111000011011
11110000011101010011111111000111
00111011001110010010010001000001
11001110010111001110010010110110
10111100000111001000000111011110
11111000000010111110001100111111
01000010101001011011110101001101
10100100101010110001111110111000
00110001010000101100011001101110
10100100111100110010001000101111
10011110001011011110011111110000
01110001001101010110010111011000
00000000100101010001001111001000
01101101001110110001111011111010
10000010100110011101110101100111
11010011001111101011100100001010
01101000011010100010001110010001
00011010011001010111010001110111
00100100110111110101000010011110
01111001110101110101111110110010
10110101011000000111110111000001
11010010110100000100001011011010
10110101111110010100111001100001
00011000101111000010111011011010
01100011111001100000000001000101
00011011111111010111101111001101
01001100000111010010000000101100
01110101110101010011101000110111
10011001111111000111100100110001
00010100011110101111001101011001
10100001010111011000000101000101
11110111110110000101001011001010
01000110001110100001111000100100
10110101000101111100011010110011
10011110011000111101110010111100
10001110010111100011001011110100
10000100000010000101100111110001
11011100111001110111100000010011
00111010010011010101100110100101
01111000010011000011010000011000
10101000100111000000101100110110
00010011010101101111101101101011
10111000101110111000001000010010
01110110100001000001000110010101
10110101010000010101010101000101
00011101111111100000011110111000
01100011001001001010001101001001
10010111010001101100010100001110
11010101100100001101111110101001
10111111101110001001111000110011
00000110100001001011100110001110
11111000000011111100011000011001
10100101011001011000000100000111
00110010010100100111111111101100
01101101100110110010011000111011
00010100001001100010111001111000
01111110100001111000111001001101
10001110110111111100101100100001
10011010100101110110010011011011
11011001111111110001000010110101
11001001100101101100010100101010
11110101001100000000111100010111
10011100101001000000011010011110
01110001100011101001010110000100
11010010010111111111101101110000
01100011001010101111111101010101
01110100100001010000111101000101
01110101100110000100001011101000
00010011111111010111010001001101
01000111101001011011110001101000
00110010101100100111010111111111
01110000110011001101000001110010
00011100101110000000011001010010
11001111000100011011010100110010
10011101100101001011100010000101
10001100000101110110110011001000
10001010111111000011110110110100
10110001001001010001011011010000
01110011010110011010111111010000
01110101000001010101100011010111
00011010010101001110110000111011
00000101000111000000101001110011
00010110001011101100101110001111
10001100010000011010100101101101
11111101010111001001111011100110
01100110001000101101110001001000
00001000100001101010000111011010
11000000011110001100001011111001
10111011100011011111011110100111
01110110011000001010000111011100
00000010001001111111111110111000
00001101101001110010010001001001
01111010000100111110001110100011
00110011110000100010011011101000
00110101111111100010111100001100
00011011110000101010011101111010
11000000001000101110010100110001
11000101001000010000000010010101
00001110110011000001000010011101
11101101000111111011010001000101
01000100110000101000000010001001
11110111111000000001110100110101
10001111101000000101100000011111
01101110010100011011001111010010
00100001001101110011100100010011
01010000000101001010010011101011
00101010110010100110010001110011
01011001000011000000100110110010
11111101110000100101010001000010
00100111001010110101101100100110
11000100101000110000101100110000
00100010110111100001001111101011
01100100010011000011001000000111
11000010011000111000010001010010
10011110110001111101101010111101
00000111010110101001010111010010
00111101100100101010111100101100
10101000000000111000111111011110
11000001101100100001110001110010
10010001100100000111011010000111
01000100011100101101110101111100
11100110110100001101111111100011
01000001111111000101101001001011
10000111011000010110101011100011
00110010111000011110110101111111
01111111101111000100000001111110
11111010000111110010111110000000
00000000000010001000100111110111
10110011011001101010010100001011
01111000011110010010011101000010
10000111110000111000010111100011
00001011100100001001010010100010
01111000111101011010000110111111
10000010001000111111011101000101
01110111011011001110110011001010
10010011001000101101101000100110
00110001111110110000101010100010
10100010111100111110000010001101
00011001011011001011110100101001
11111001000001100100100001010100
10010101001010010000110011001110
01101101001101000100011000001100
10111011111101110001011011011100
00100101101111000010001110110100
11111100100111010000100110110100
00011100110011000100001110101100
11001000011110110010011101100110
00011101010100001110100111011011
01011011010101111011010011011010
10100110110011011100111110111111
00101100011101001110110101010011
10000110110001011000000110011101
00000111101110001110111010110110
11001101110110110011100101111110
00110011011001001001011111110100
01010010011100010100000011111110
10110110011100010100011001111001
10001000011001001100111010010000
00001101010010011011101011000010
01101110000010100101000101110101
10011110101000011111010111101101
10011000101111110011010000100011
01010111011011000011101000101110
11001110110100101000010111111010
00100000101000000010010011100100
00111001101110011010110000111001
10111100110001000100101101001001
10111001100000001101001111000111
10101111010100001111011011101001
11011111100110100000000111010100
11010001000100100101100000111111
01000000101000101100111111000010
11110111001100010000110010010101
00001111100001100110010101110110
10110110000100101011111000101101
00101101010111101100011010000111
11011100111010001100001110101111
10101101011001011100101010100011
00000110100110110000100100100110
00101100001101100000110001101110
11101111111101011011110000010000
10111001001011100011011001001010
10001011111101011011011110010010
00100001100011101001101100111100
01010001100001100111100001011011
10000111011110000111000011100001
11001001110101000001100101010011
11010111000010110000111010100101
00011000001101000110100010010101
01101010000111000110100111001110
01111101011011011000111000011100
00100001011000001001001001101011
11001010011100100111010111010010
00001111000100100111011011111001
01111101011100101001101000001111
00000111110001111011000111110011
01101100011001110011111101110000
10111100111101111001111000000001
11101010000001000001011001001000
10101111110010001101111110100011
11110111100011011100110000001001
00110010000110000001100000100110
01010010011111111111001101100101
11111110010110000011111110110011
00010101100111010000011000110101
00110101101100000000101010011100
11111110100011111100111101100011
10001011011110101111010111101001
01111100101110111011011010010011
10110101001110010100101101100101
01000101110111001100110011000110
11101100100101000110011001100100
00011000110101100001101000100100
01001011100011000100011010111110
00110101111011010010101101100111
11101011110011011110001011111010
10000110001100000100110110000000
10010111011011111001001000101111
01000101001011001101111111010111
01011011101010001101000001000011
10111000001001001000011101010101
00101101001101100001000011101010
11111010111011010010100111000111
01001100111000110011010111011111
10111100010000101011000011100000
10100100100111011110100000001011
10011110110010001111010111100101
11101101111011011111010010100010
10010001010101101001100010001000
10000101001010101100001011001010
11001001011111000100110001010011
01011110011011010011001111011110
00010000000101101101000101000010
10110011011011111100111001101010
11111100111011100001101011110000
01011100000100111111011110000111
11001001110010001010010111110000
00111000000000011111010111011111
01011000100000010111001010010100
01111000011100011010110011001111
11100101101101100101010011000000
00101011010010000000010100111110
00110111011010111001110100000101
10001010001111000001000111010111
01100100101100101101001111011100
00010101100001110011001110001111
00101101011010000111000100111000
01010101110010111001111101010111
11011110101101000001110001010001
01011111011001111111011101111101
00000100101101110010011010100000
10100011000110011111101100100000
11000010110001001110100000110101
00001100110000111001100101101000
10110011001011001000001001101000
11101101101100111011101001101111
11111011001000100011010110010001
10010111001110110000101110010101
00000011100100100001011010111001
01010110001111010111001000111110
11001011101000100101001011111001
01001100110110100000111010010011
10010001111010011010000111001111
00010101001101010100010110000011
11001011101111100011011110111110
10000110100100101001110100010100
00111000100000100001110111111111
01111110001101010111001000100010
01111010101011110010010001000110
00101010000101100011100111011111
11101010100100011110001000001100
00010010100111011001010011000100
00001011001100001000101110000111
01100100011011110010011000111110
01101010111010011100010111010110
11100011010100000001100011011110
11011101110101111100011100010100
10101001001101010010001111011001
11110110110001101100011110010011
11000100110011100110100000010110
00011011110000011111001001101100
00011101011010010001001000001011
00000001111111101101011011000000
10011011111101110110111100100011
10001001111000110101110111101011
01101010010010010011001010100001
01100110011101000110101110011100
01101100101001001010011000010101
11100110011100001100010101011100
01000011011011001011001111101100
11010100011000011100010111001011
10111010100111101001110000001111
00101001111101001010101010110100
01111111100100000101001000111000
10110010101000110011100001010110
01001110000101000011111001010010
11110000100001101101100100100001
11111101010110101100000001100010
11001001100101111100111011001111
01000011110100111000010001100001
00110010100001000101100010110001
10000001011001111111100111111101
11010001111011000010011010001001
10001010111011110110011100101110
10110000010111011000101100101110
00110000010101011111110001100011
01110011111101011111101000011000
01001110111001011010010010100111
10000101101111111110110110111011
10100001001111100111111110010000
00000110001001001110101010101100
00000111110100111110101100111011
01010011111010010100000010111111
10111100011000111000001011011110
10110101010101111010101010010010
10101111101010001011011100000111
01110110010011000110100100110000
11111110010100010000101010110111
01100101100111111101110000111001
01100110110000100100010011110010
00000101100100001011001011111110
01010010000000110101001111100001
11010000110010111000100000000111
00101111001000010010000111001011
00101111011101111111010110100011
11101101001111010101011011110011
00001101010110011000011011101011
00000001111111100101010011011101
01001110110111100100011101010000
11111011000011010101010011000000
01101010101100011111000101110111
10001001111000000000011001111010
01100101000101101101000011011000
11100010011110010011000011111111
01101110011100100000111110010111
11101110010101111110101100011011
00001011110011001100000010011100
00011001000010111110101011100111
01110011111100111101101110001000
10000110111111100100010000110111
10010010100100011101000100011100
11111110111110100100110010110101
01101000111001110100010101110001
10011011110110010111001000110011
01100010000111100001000101000010
01011100101000101110111101100110
11010110010011011110000011010000
11101111011001010000010010010100
10110000100101001111110111000011
11001101010101100011011011101100
00110010100100111000000101001000
00010010100100000001011101001001
00010001111010001000000000110101
00011110000011011100010100011110
00100000011101111010111001011110
10111000101000100111111110101000
00111100101000000000001110111111
10111101010110101010110010000110
