001010101110000111100011111000000
001011001110100010100011100011110
000101111010011011111010010011111
000101101110100000000101110101111
001011101011100010100101000111100
001001010110111111000101001110000
000010110101000110000001100110010
001010011101001110001000011101111
010001111011011111110000010011001
000101110011010010111111101111100
000001101001110001100010111111111
011101101111001110111010011001001
010101111010010011011111000010110
000101111011000000000010000100110
000110111100100100000001111100001
001000001110010111011001010011000
000001111011110001010110101011011
001111111010110110001100010111010
000111110100101100010010111001101
010011101100101001001000001000100
001110101010110001111011010001111
001000001010001111101111001100000
011000100101111000001111101011010
011011110001101101111011011010011
001011110000100001011011100001010
001000110100010100000000101010001
011001101011000001000011101101001
010110011010010011101001011100110
010011101001000011111101100011011
000000100100101011111011111001011
010111110010111111100001000000011
001101010001100101001101101110100
000001001101101100011111100111011
000101110110001011101011101111111
000001011000101101000001010110001
010101001011110010010000001011111
001000110111100000101011111001100
010101100011001001101110110001111
011101000010110000000001010000011
000101001100100000100011001011110
001111111011100100101101010001110
000110110010111101110111100001101
001001110010110111101011101000011
000111011000010110011010110100101
000110010110001101101111110111101
001011110100101011000011011101010
011101011101111000001001101010100
010001001110011011010001000100111
010111011001100100101101110010010
000101100011111000001001000001110
001011101111111001111001110111001
011101010100010101110000000010110
011101111100011010101011011010000
000001011101111101011111000001001
000100101011110000100001101001101
000111010001111100010010010011111
001001010110001100111000011111101
011011011100010000010110010010111
001001111011010000000001000111101
001010111000010111110011001101110
000111101101001000000001111110001
001100010110110101110100011000001
000010101111110111111101001000011
010010101100001001001100000010100
011001101001001111001010101000011
011011111100011000000111110110111
001010111000001110110101001111011
001110001111111010101010011000111
000001101010001010110011100010000
010010100101101000100011110001000
011001000110110010101111000011111
011010001101001011100100001001011
000000000000000110001101111001101
000110101110011010000011011100000
001111010011100110001011010001100
001111001101111001010000101110001
000010000100110101100110001010110
010010000000010011101010010110001
001101011011100101011100000010100
000001100111100000101011100110111
000110100100011011010110000001111
001011110110010010000010001100001
000101110000010111100110101111100
000001100111111000101011100010101
000010111001011010110100111100110
010010011011101110100010111010001
000110011001100100010010101001011
001010100101110111011100000100100
001100110011001110100011001111111
000001011110001010000010010010001
001011000011010010101100010011011
000010100101111011100100100000001
011011011010101110011011010011111
011110011010001111110010010111100
010011101110100101100100001010110
000001010011101111010000110000110
001111101100000010001110011100110
011111111101001011100000111011011
010001010111110011111101011100010
000010001000000111010101110110001
010101000011111001101111001101000
011101100011001010010110100001000
011000111101001110000100100010001
011001100100111110101000001011010
000110100111110111110111011111110
010101100010001000101111011100010
010001110110101010011010101001110
000110001011100001000111011010101
010101010001111011111001011000101
011001011011011110101100000010110
011110000101101010001011101000000
010101111000011101111010100010101
000001001111000000001001111101101
011011111110010011111101100111001
000101011111010111101001011101111
010101001010101110001001011110000
010110100001000011110001001010110
000010100111101100010100100010111
011001101110101001001111100100110
001000011111001110101000100101000
011110100011101101100010111111110
001000111110010010111111000011100
001011111111001000010001111000111
001010110110110100001010011001001
001000001100100010110010100011001
000010110110011011000001000001001
001110110001101101110110001000100
001111100101100000010000001001001
011001110100001010011111000101101
010001000000001001000000010101110
000100110101001101001011000111001
001100011100110010101101111010101
001111000101101000001110101010000
011011011010111101011111010111001
011111011010001111101101011011111
011110011100000001100011100001101
001010101011100001000110110101100
000000010011111101110100101110000
011100011100001001011100111001001
000011001110001110010000101101100
000101000011011101000110001100011
001100111010101100011101010010110
001101101001111000110111100101001
011010011111011100011011110110011
011010000010000111100100001010011
001111101111100010000011011101001
001101001011111000011110110101010
000010011111010000111101010011000
011000000111111100011010100000010
000011011111110100001011010110101
000011000111110001101101111001001
010110000000001101001011111101001
010011111101100010010010110100001
000100011101101001010011100010100
011110001110001001001100010100100
000011000100111011110101100010100
000001110111001101001110111100101
000111110001000111101101011111101
001100010101010100001000110100100
010100011100000111111100010101011
001110011110000111001100011101111
010101000000101010101111010011010
001011111111110011010111000010111
000100111001110110111111101011000
000011111101101110011000100101110
011011101110001001101110110010011
010000110110101110110101011111000
011001000001001010101100000001001
010110001000111111110011000100111
011011001110110010010010010101001
000010000011001011011101000110010
010111001111011001000101111010000
010001110010001001011001010111010
001101110100111010000110111011000
011110110111011000111010011011000
000010110000111000011101110011001
010100001111101001011111000101001
011011000110111000101011101011010
011000101011001100100000111111111
010000011001011011010000111111011
011111110000111100010001111010010
001111111100000011011111010110010
010010001010110100110101000111111
001000000000011010000101110100101
000011011101100111001100010011011
001010010101001011111010110101000
000010001000001101000110000001110
001010100010001000110011011011011
001000111110010011111000011100011
001101010111101000010100010111000
001010011011010110000000000000110
000101110100000110101010000101010
011000010010111101100001000101110
001110110100101001100011111101111
001000001111011011100101100100000
000000011100011100000011000100110
000010110101111001100110011111001
001011000000001110000001110000101
001010101010010011111011101101000
010011000110101000011001101111101
010110010011000001110100001111100
010101111000110011110101010010110
010000001111010110000010001001010
001101101000001101101100000110100
011100000110100100011000000101110
000010001011101110001100011101001
001100101101100000011101010110011
001111110111111000000100101100001
011101011011010010100011011011001
011011101000010011110111111100110
011110011001001111001101001111010
000001011001110001110101101001010
000000100101000111100000001111010
010000111101010100000101110110101
010100100110110001101100110010001
000111011100110001101011001000001
001010001111111101100011011101001
000010100001101100111010000011000
010001011001100011001001100000011
011010110000111110011000000001010
001011110001111100010100110110001
010111000111111000110011111011110
010000011110110011001000110110001
010110010000011111100100111011101
001001100111111011111001111010100
011001111110010000110101101101010
011101111100000111101010011011101
010110111001010000000011010001000
011000011100100101001110011010101
011100011110111011000001011101001
010111101100100100000101111101001
010100010010110000010101100111010
000100110101110100101101100001010
010001000011101000000010101101110
000000111001000100111010101010111
001011111010101111101110000111001
010000111101110101100101010110000
010110110001111110000100000111100
011011011101101111011111101101011
010011100101000010010101100010011
011011001100110111100101100110010
001100100001000000010011111011000
011000000100101110111110110010110
010000001110001101001001011111110
001110001001101101001000011000000
001100111101000110111110100011010
001001011010111000001100111101111
011100110100111010110000100010111
001000101111100001001100111000010
010100011101101001111100001010100
001100101101001011011000011110000
000100100101000001011110011100001
010110001000101000110011110000111
011010110001110111101011001000101
011110010100110010100011111100001
000011110011111110111001000000111
011111110100001001101000000001011
011000010010101100010010101011111
000110001010001010111100110010010
001011011000101111000110100000001
011101000011110111010000001000101
001101101101010000110111011011011
001000010110110011111000010011000
011101101011111011000001011111000
011010001000011111010001001000101
000111010000110111111010001110010
011011011001101011010101111100110
010110100111100111010011000100011
000011101011101101101101001100100
001011101110010111101111001011001
000110000000111011010101000010000
001101101011010000100010110101011
000010011001101110011011010110100
010111001111110001000001110000001
011011011110110010010110111110001
010011011100101100100110111101100
011000001000001011000101010101110
011000011000110110011000000010000
011000111001011011010010111010100
011000100001101011111110100010011
000101111110100101110101111101100
001110101001010111111101110011100
001110000100010101001100001111011
001101111001101110000100000001010
001110111111011100111000000000001
011100111100111011011001000001111
010111001100010000001101110111100
010101111011100100101001100010111
011011110111110100010100001100110
010110111010000101100101111101001
000110111000010011100110010110011
010111100111101101100100111101011
001010100001000110110110010100110
000111000100101011110100001001111
000001000111001101100111111111101
010011001001011010100100000000010
010100000001000101000011101101010
000101111111100110001101001010101
011011000111111010001111101001100
001111111001101001100111001011110
000100010000101111101111110011001
010011010110010010101010100010000
001011000011000000011101000110100
000011011000010110111101000101110
001111000110000111001010110000001
011001100000000111101011111110100
000010010011000010000000111100110
000011010111010011100101000010111
011110101011001111101110101001111
001101000000001100010010110110101
011000010101000010101000100111010
001100111110000010011000001111011
010110110001100010100001110100011
010100110001111010100110110110010
011000111000111010101010101000110
011110100101001110110011010011011
000101110111100111011111100100101
000100011101110100111000101110101
000101000001110100011001100011011
011010111011100011101001000100001
011011101000011000011001000010001
010111000100011111011010101101010
001111011101100101001101111010111
010001010001010001011011010001100
010001111010001001011100011001001
011100101111111111100111111011111
000111000111100101100110001100101
010101011111001111110010100010111
011000011010000011110010101011101
000010011100110101000110100010010
011101110111001100011011101001101
001100011100101111100001001100010
011000111001100100101110111001000
011100101111011111001011110101110
010010100001100111110001101101001
010000101100011101110111110010011
010001000110000011001001101000101
010111111010011000010110110111110
000010111101110010000000101001001
010000000010101000000100011100111
000010000110101101101011111111101
010111101011010100101001100000111
011111000000111101001110101010110
011000010011100110000000001000001
011101001010100000100101010001001
011101010001001111011100001100110
001000110001101111010110011110010
000000100111010001000101000100100
000110110010001011000001100000100
000110110101110010101111011011001
001110111001000010000010101010001
000100110101100001011011101111111
011000011011110110100011110001100
010100011011011000000011110001111
001000011100010010111011110000011
000000101010101100100010010110010
001100011111011100111010111011000
001001111001100110000001011001000
011110110111100111010101111110110
000001001111101000111100111110110
010001011010001110001011010011000
001111010001000010100011111010111
010100100111111110001010001111000
010111110010001101101010111101100
001101011000100000001110010001001
011011010000000111001001010110101
000001011100011101111111011111010
001100011001001001100001000001100
000011111001110000000101111010011
011001001100100010100000010111011
001110110111001100000101100101000
000110101111010110101010011000000
001101100011000100110001010110000
011000101100110010101100001110001
010000101101000000111011110100010
000101100001000110000011001000101
010001111111001101001001001101101
001101010100001100110100011110001
011100101111110100010011111001000
011011001000001110110001100010011
001001101010011001101110000110011
011101110100110011000101111100100
001010111011010101111110101111000
011010001000010100001100010010100
011010101100110111001000110000110
011101010111000100001111101111101
000111101111011101110101111100011
011011000100101100110101001000111
001011000000101100101011011110111
001011000101011101111111010100010
000001111100010010010100111001010
000001001110101011010111101101100
000000001110001010100010000100101
010110000010101010011101100011011
000001000011110101110101110101010
011100111000010111011010101001010
000001010000001000001011110001010
011111011010011111111000011011011
000010110000001010011000100100010
010001110011011001000000100000010
001101100110101001110000010001101
010000010010000100110101100111101
000011010011101000010111001100011
010010011001111001010010111001001
001011111000000111111101100100111
010000001100010101111010110010110
011011101011110100011100110001100
011100101000100110110000101111001
001101101010011111010010000001000
010001101110101101110100100010010
010110000011101011010001011001000
010001001111011100010011011111111
001101100011100101101100110000001
010100000101111111101001000001111
011111100011000011001111110101111
010001011010011001011100000010101
010011001000110010111010001011111
000101100010010100000101000110101
011011111100110100011001010000110
010011011110001111010010111110010
011001101010111101110111100011110
010100001101010011001011110110010
011001100001111000000011110010011
001100010101101101000110010110011
011101010110110010001111100111001
001001101001100110110100011111000
010010111101110010000111011001100
000110000111101100000010100001000
011100001100000010110010100111000
011011111110010000001100010101000
010101011001011111111100110101001
001101110011101110111101011011101
011110010100001011110001110110100
001110011011011000000101001110101
000001010011100101100110011100010
000100101001011100101101110010001
011100011100001000001011000001010
001001101101010010100110101111010
001001111111100000000111100100001
000000110110000001000001110001011
010110101001001110110000100010101
010001101011100111011101001110000
010101101110110010110000000010010
000011010000010111110011101110010
001111010110110101110111111010101
000010111100100010111110000100000
011111111100011111111111001011100
010110101110110000101110101011110
001110101111011010011011010101100
011111110101100111011111100001011
000111110001110010001011110000101
001000110111100101001000001011010
001000001110110111100100110110011
011001000001010011111000101111000
011000100110011101000000100001110
000010110000111000101101101100110
011001011110010100000010011010100
010000100011010001100010000000001
010001101000100111110001100001010
001100101010101011100001101000000
010011011011000001111111000011000
000001110110110100111010001010100
001001101100111101000001111110111
010111000001010101000000110100110
000000001010111000100000101111001
000001111010011101001010100101111
011010110111001001010010001001100
011100111010111100000110110101011
001110010000101110001111110010110
001101000001001110010001111011100
011001001000001110111001100101110
010100001110001110110110000110101
011011010000110111100011100001110
000110000001101111101000011101110
010101011111011011011001100100001
011001110010101001011001101010011
000101010011001011011111111101101
010000101110110101011000000010111
001010100011100000001110101010000
010001100001001111011111100100010
001010010000001001000110001110110
000010101111001000101011100100001
001110010011100100111100001011001
000010011011011110000101010011010
010001101010100101011000000110101
001000000011101011100100011101010
011010010101101110111101011101001
010000101100110100001010111100111
010010111000101100111011011001010
011100011000110111101110011010000
000000001010101101110001110001000
011000010000001111001110101110000
000001010001101010101000111010101
011011100001001101000111001111111
000110001101100101011101110000101
000011010101101110011111010000110
011100000111001110011011000000101
010011110011001001110001001101111
001101111000010111000010011001100
000100101111011100111101111010101
010110100001000010111000100010111
011100000110010000111010010010000
000110000000111111001100100101101
000010101100111110101100110010110
010011110010111110001110111001100
010100100100100010110100000101110
011001001001101111111000001110101
000011011100110100100010000001001
010001101011000011111000101010010
010111010111000101010111010011001
001110011100111110100001111111100
011001111101111011110000010101000
011100101110011011010100000111111
001011100001110001011101001000100
000111101110010011010011110101111
010000110000001110000001000100101
000110100001101101001111100100110
010100101011011110100010001111000
000000110110100000110101000000011
010110110101111101010110111001001
010011101111001111100100100101100
011101001010110100011001011101001
001101111100110000010111000100110
010000011100010110001000111100001
000001010010100001111001000100110
001100000111000001101101010111111
001011111001100010001100100101010
010010000000001100010101110000000
010000100101011000111101100001111
011011011111010010000010101000111
001000000011101101111111100111111
011010010000000000001101000001101
000100000100000011111011111001101
010100010011100111100111010100011
011110010001111111010101100100110
000000011010001110101111100010111
011001100101111100111011111111100
000010110011110010000000111100011
000000011000111111001100011111011
011111110110011101100100011001011
000110101101110010111001101001110
011000001001111000111011101001000
011110100001100010101000010000010
010001100010101110001010001000001
010110001111110011010011011000001
010001110110000101101010010111100
011101100001001111010011010000010
011010011110111011011001110100000
011110011010101010101100010011001
010010000001010010000010111010011
000010110111111100101100110010100
001010011010001000100101000011101
011010110000110111010110000011011
011000110100111101110110001001000
011101010010001100011110110000110
010110100111000100000000011111110
010001111101111110110001010001010
011100011000100001000000110011001
000011101001011111111010101111010
011011111110000000110110111111000
010001001110101010101110010100111
010011111010100110111001010000110
000110110100000111001000000010101
011001111010010100000110000101100
001101100001001001011111000011111
010110100010100011111110100110110
001100110110011111101010011101101
000001000101011101110111100011111
000001110001000010101000001111011
010010000100100111111101011000001
011010011010111010110010100111111
001010001010001000000100100110111
001010111110111100000100011011111
011100101000111100010111100100100
000111011000011000010011110001011
011000000001001010010000110001111
010000000001010000011010101010000
000001000101000001110110101001001
010100000110100011000000110000010
011100011000110110011101101010000
011101100101000000001000111000111
010011111110101111111001000100101
001000100110011111100011000100110
011101100011101110001001010111001
000101111110110111111101111111010
011111010100100100011101100011011
010101110001010100100011000101000
010010100110110100101111111010000
010100101110010101101000110110111
001001100101100001100110110110010
010000110110000111100101010101110
001001101000000111111000100101000
011111001011000111101110100101110
000010101110101010111101000001101
001001101110101101001001100001001
010101000011100011111011001011010
010110010000110111001111110101010
000110001111000000100001011001000
001111010001001100110011011010011
000000110001101010000111001010100
000101111000111010100111110011110
001010011000001101001100010111010
000000011111101000100010111100111
000101000100101111010101100000110
000001101001100100101010000010110
010110011100010100101110010110010
000101101000000110110110010010000
011011011101000010111000010110001
011011111111111001000100001001000
001110001111010001101111001001010
000101011000001101101100100011011
000000011101000011010000100010001
001110011110000000001111110010111
010100010110100010101000010100101
011111111101010101101010010000110
010011011111110001101101001100111
011101101001000011000010010001011
000011100000010100100110111101000
010101001000100110101110100001111
000110110110001111010100100111100
011010110110011000011111100100101
001010110011110001111011100010101
011001100110111000001010010001000
001011111111010100111100110011101
001100100111001011011110000001001
010100101011110000001100111101100
000111010000010011010010101110111
010011000101010101010011011111000
011110110110100000011110011100111
000011111110011011011010101100101
001100010000000001011001010110001
011110101111100100011011010000000
010001100110010110001010100101011
001100001010111111011100000100001
001010110111010110100111000001101
001100010010000111100001101100110
000110000000000111000110001000111
011100111100100010101111000000001
001100001101100111001001000010000
001101010110101101010111010010111
010010001111101111010100010110101
001011111100110011110101100010010
011100100010110011011001101010011
001010000001110000000100010001001
010100110011111011100000100101110
010011100001101111011000110100011
010011101101101111110101000101011
010110110010000010001010100011100
000011000100100111010011000101011
000000001001001110000000010010111
000010110101000101110100101000100
010110001100010110010001000010111
000101000101011011000011111010100
001000000010100010111111110111000
000111011001001011011011000011011
010110110101110111010101111000010
010111011111110011010001001111000
000010010010100100000010001010110
000010111111110101101110010101010
000110001111101000100110011001010
010010011101011101011010001111001
001011010101001101001000100010110
011011011000001011100001011100100
010010101110011100101100100111011
011100100100111000101100000010011
010100010000000101111001101101110
001000011011010010011010010100111
000101011101100001001110110100110
001010100000101001000011010010001
001011011111100011100010101000111
010001010000101010111111110011100
011010000101100011000000110010111
011101011001011101011101000100001
011010111110101010010010100110100
011010001001001101111101011100111
000011101100010000100001000101110
010000000010010000101000100011001
010101100010001100011001110111001
011100100100001011110100111100000
011000101101100100110100110111001
011011111010001100001100000101101
010000011110110110011100111110000
010101100010001110111111000011001
001010111001100100100001010110100
001100101000111001110001000000011
000011110100010011111110110000101
000001000110001001111111111101011
010001001110110001100110111110101
000101010010001010100111101101001
000111011101010110000001011001001
000101001010100110010100111001000
010001101101111010100001100111110
001101011001100111000000110011101
001010100110011101111001010010100
010011010010111000110110001101000
000001010100100001100010000000100
010100011111011110111101001011011
001011111111001010101100000110111
010101000101101100101110110010001
000101101001111000001111100011001
001000000110110111111000001100000
011110111101000110010101010100011
001011100001011000010010100000111
011100011111010000111001111110001
011110111101000011010100010110001
011001111101001010100101110000010
000111111011111110110100110110011
011011110000110000001100110001011
011110010101010110100100100001011
000011010010111101111100101010010
001101111100010100011010110100000
000010110111011000011000101000101
001000100010010011100010011111100
000011001000011000100110110010011
001100110000111001010011011101100
011010111111001011100101010001010
000011010100011001001001111001111
010111100101001010111110011011110
001000110110110000010010010001001
010111011101001100011101010101111
011011110011011011001011111010110
010110010000000111100010100111111
010111110011000110010110101100101
010100111101110000110101000010010
010000010100100101001110111011001
000001110011111100011000110100100
001111010110100000011111111000110
010001001101101101001001111110000
000100001010001011110101000101101
011110010111111011000111100100110
010111110001111010100110110100100
011001100101001111111011011001111
011001010101000001000010100100100
010010000101111100011010100001000
001100000111010110001111010001000
010010000011110100110100110101110
011110101000111011010110010011110
001101001101111000011101001110111
010101110100000001111010011001001
000100000011110110001111111001110
011111110001011001000010100000101
000011110011111101011101111111100
000101110001111101001110011111010
000100000001010111110101000011110
001110100011000000000001100101000
011110001111001010000110101000001
000010100111101000100100001000100
011000111100101100010011000010100
010111110000111001111001011111011
001111000000111000000010101001011
010111111000110000101101011010111
011110111100110110100111100011100
010010100011110001111000110110100
001100010011000011010100010010101
000001101101101011111110101010110
011111101110100100011000010101110
010100100111111100000010010010100
011000001110101110111111101100000
000111111010000110001000100001101
010010101111111010000001011010101
000011101101110000111100100001000
001000101100111110011111011100000
001011010111110000100000110110110
001000011011000010011000000011000
011000000000000110101001010101110
010100011111011111011111100000011
001101011111101101001001110100001
001011111110110010011110111110000
001001001001010111011010000000111
010111001110001011111100011010001
011010100100101010110011100011101
001111110101001001011000000111001
011011100001001001011001001011001
010110010111101110101111101101110
000100101110101001010010110010111
000001011111111111110100000000000
000001111101101000100100101010001
011001101111110110001100110001100
011011011110000111011001010011100
010000011110000100011110110110101
000110100001111010101100110011010
011001010111011001111011000101110
010100011100011011011110101010110
000100010001000100001111110001010
011001100000100111110110110111010
001101110000100100111110101010000
011010111001011100100100010011100
011100101101111101111010000101100
010010000011011000100100010000010
000111000100101101100110100111101
000001110111010011101110101111111
000010010110010110001101101100010
011111110011111010011000101000110
000010001110010101000010100110000
000010011110111010100110100101100
001111011010100111100001100011100
010100000000000111101001100011011
010100110101001010010010110101101
010101100110110000100000011101001
000010000001011010001110110100110
001110011000111101001100101010001
010000101111110100011010100111011
000001110011001100110111010101101
010011101010100111010001011000100
010110100101101100110110101000100
001000010001010010101000000110011
010100110101011101010000001001101
011011101111111011000101100111010
010110110011001000001001110000101
011110110101001100111001001011010
001001010100110111001010101110011
011000001000111101001110011010111
001110010011011101111111100010011
011111011011010001010111111110101
010100010110110111110101100111000
001110100010000111110001010100000
001100000101110101100001100000001
001011001111100000101000010010011
010001100110011011000010001001010
010111111110001011000100010000111
011000010010111100100111101100100
000111001101000111010011011111000
011110100011100001110100011011001
000000100001010100110110111011000
000101111010101110001011100100011
001010111111001000101011000001000
010111000110010100011111001000110
011011000010101111100101111010100
001010000011111000100100110100111
000000010000010010111001110100101
001111001101110101100011101101010
011101111101010001000111101001111
000001110110001111011000101000000
011010000000111111000111110001011
001111001001110101101100000101100
010000011110101111101110000011011
000001011010001111110100000011000
011011001111110010101110010010001
000110110101011111100001110101110
011000000111100111001100100010101
000101001111011111001100110011101
010110001111110111111010011110110
001111001001110110100111111001001
010000011100000010111100001001010
011000100011001001010010111000111
001111111101011101100010001011110
011010001000111011010110110101000
001111101010001100000001100111000
010110110110111101000110000101110
000101100101011110000011110101011
001100100000010000011011101101111
010101000010011001100000100110101
011101011011011011110110101010110
010110111101010001111011000010111
010100011110001011001110110000100
001110110001000001110111000110111
010110011011011001111100101100100
011010011010010001110100010011011
011001011001100111110101111110011
011110101010000010111010000011111
000011010110101100000100101101001
001101100000101011101110101010011
010100000100100111000111101011010
001100100100011110011100101100000
001110111101000100100010100010011
011101000100010101000000011101011
010100001110110010011111010000000
010111010111100110111011100111111
000001011011110000010001110101000
010010110001101110001000010100111
011011001100000011010011101000001
000010100001100101110110010000000
001100111011100000101001101010001
000100110101101101000110110111101
010101001101111100000000010010011
011001001000101010110000100110001
011001011000001001101100100111110
010111111101011110101110000101111
011110010001100100010101101011100
000110110010110000000001110001101
000010110010111100101110000000110
001001010111011011101010110101000
011011001110110001011110010011000
000010111001110111000001010011001
001000110111100001110111010101111
010011111011000001001100111110111
011110000000100110101111000111001
011011101010000110101110111101101
011110001011111101001000111001110
011101010100100111000110101010111
011100100111011011000010010000001
011101110011000010110010010111000
000011110010011100101000110000000
010011010111100000010111100110001
001000010101110111100101011101011
011011011010100111101100111101111
010000011111100001001001000011011
011101011010110111100001000100010
001100110100011111100001011000101
011111110100111010101001011000011
001011010111101110110000100000000
010110100101111110101010110110010
011001100110001011111100101101000
000011011010000101000011111001000
000111010101001001010101010110110
011100101001010010111100110010101
001010010010110110010001111011111
001010110101111111000000010001011
000000111111110111110000100111111
011101111000110011010110010101011
011111000001000110000101011000000
010010010010100111111101110010110
000011110000111101100001100111011
011100010111010101001010101000101
001011111100110110110001110000111
010000101101001101111000100110110
011100111011111010101010100011010
001000100001110011000001001010010
010111011001111100111001000110001
001100000000101001100000101111011
000101101100010011011000011111011
000100011011010100110010100101001
010110011010001110100001101101001
000110100010011101011111111110010
001101011011101110101100101110101
001000110111101010011111000111001
001100110010110110111011010101010
001111001001001110100010000111000
011010000011001110001010100001011
000010000000101010111010000101011
000001110001001000001110111001010
010100100011100110000100100110101
011011101110000000111110011011111
010001001010111000100000001100001
001000101111101011110010000111100
010011110101011010010110100110110
010011011001110011010100000110101
000011101100011010101000011010001
011101100001010000110011001011111
001000010111110010110001111111111
001110101100000100011110001000001
000011010001111000101101000000000
001001000110100101111111100111101
011000011000001100110010010110000
001101101011101110111011010010100
001000100011111000010110101000000
011000010110001111010010000111110
001000000011001000010110000101000
000111010111101000011110100011000
000101010011000000011011110011101
001001000110000110110001000100011
010101111011101111000110010010101
011000010110111010010100100010011
011101100000011000111000010001101
001000100110000111101111111011110
001111011111010010100100000110111
011100101010000111100001101010000
000100100111001101011000101011011
011100101011111101101000011101111
001101110011110010101010011110100
011100100010011001111100100110110
000000011011100110110111001000000
011111101111100101011110110100010
011101001011100100111001001111011
000010001011011011101101100010011
001100111000110100010001010100110
000001011101101001011001100001101
000010010100010101000101010010101
001110111000001111011110001111011
001111101111101101011000001110100
001011111011110101111101000010010
010100000000111110010001001110110
001001001010100000000010111001110
001001011000011101110101100110000
011010101100011110001001001110011
000000011100111011001011011011101
000010111000001000011010110100101
011100000000011101111111100000001
000110001010100100110011010100011
001110000010010100110010000001100
010010111000111001110001111010111
011001000010000110110101100110011
001010011111000000010010100110010
010110110110010101110100100000010
010000110000101100100011101001110
010001111010000000101111101110101
000110111111110001010000101001001
000110011101110100011010001101000
010010101000100000000000011011010
011101100101011011111001111100001
011110010110110110100101011010110
011010100100000100101010111010110
001011111110001111110110100101001
010111111010000010101011011011010
011000010111110100110010010101011
011110110011110111011010000100001
000101110101010001001011000011111
001110010110000101101100010011100
000101110100111111011111010011101
000101110111100000010101001101111
